====================
Element 1;
Global equation system:
Coefficient matrix:
  Columns 1 through 13

    0.6250         0         0         0         0   -0.5000         0    0.0833   -0.0000   -0.3333         0         0         0
         0         0         0         0         0         0         0         0         0         0         0         0         0
         0         0         0         0         0         0         0         0         0         0         0         0         0
         0         0         0         0         0         0         0         0         0         0         0         0         0
         0         0         0         0         0         0         0         0         0         0         0         0         0
   -0.5000         0         0         0         0    2.3333         0   -0.0000   -0.6667   -0.6667         0         0         0
         0         0         0         0         0         0         0         0         0         0         0         0         0
    0.0833         0         0         0         0   -0.0000         0    0.5000   -0.3333   -0.3333         0         0         0
   -0.0000         0         0         0         0   -0.6667         0   -0.3333    2.3333   -1.0000         0         0         0
   -0.3333         0         0         0         0   -0.6667         0   -0.3333   -1.0000    2.3333         0         0         0
         0         0         0         0         0         0         0         0         0         0         0         0         0
         0         0         0         0         0         0         0         0         0         0         0         0         0
         0         0         0         0         0         0         0         0         0         0         0         0         0
         0         0         0         0         0         0         0         0         0         0         0         0         0
         0         0         0         0         0         0         0         0         0         0         0         0         0
         0         0         0         0         0         0         0         0         0         0         0         0         0
         0         0         0         0         0         0         0         0         0         0         0         0         0

  Columns 14 through 17

         0         0         0         0
         0         0         0         0
         0         0         0         0
         0         0         0         0
         0         0         0         0
         0         0         0         0
         0         0         0         0
         0         0         0         0
         0         0         0         0
         0         0         0         0
         0         0         0         0
         0         0         0         0
         0         0         0         0
         0         0         0         0
         0         0         0         0
         0         0         0         0
         0         0         0         0

right-side vector:
  -12.5000
         0
         0
         0
         0
   50.0000
         0
   -8.3333
   33.3333
    0.0000
         0
         0
         0
         0
         0
         0
         0

====================

====================
Element 2;
Global equation system:
Coefficient matrix:
  Columns 1 through 13

    0.6250         0         0         0         0   -0.5000         0    0.0833   -0.0000   -0.3333         0         0         0
         0    0.6250   -0.5000         0         0         0         0    0.0833         0         0   -0.3333   -0.0000         0
         0   -0.5000    2.3333         0         0         0         0   -0.0000         0         0   -0.6667   -0.6667         0
         0         0         0         0         0         0         0         0         0         0         0         0         0
         0         0         0         0         0         0         0         0         0         0         0         0         0
   -0.5000         0         0         0         0    2.3333         0   -0.0000   -0.6667   -0.6667         0         0         0
         0         0         0         0         0         0         0         0         0         0         0         0         0
    0.0833    0.0833   -0.0000         0         0   -0.0000         0    1.0000   -0.3333   -0.3333   -0.3333   -0.3333         0
   -0.0000         0         0         0         0   -0.6667         0   -0.3333    2.3333   -1.0000         0         0         0
   -0.3333         0         0         0         0   -0.6667         0   -0.3333   -1.0000    2.3333         0         0         0
         0   -0.3333   -0.6667         0         0         0         0   -0.3333         0         0    2.3333   -1.0000         0
         0   -0.0000   -0.6667         0         0         0         0   -0.3333         0         0   -1.0000    2.3333         0
         0         0         0         0         0         0         0         0         0         0         0         0         0
         0         0         0         0         0         0         0         0         0         0         0         0         0
         0         0         0         0         0         0         0         0         0         0         0         0         0
         0         0         0         0         0         0         0         0         0         0         0         0         0
         0         0         0         0         0         0         0         0         0         0         0         0         0

  Columns 14 through 17

         0         0         0         0
         0         0         0         0
         0         0         0         0
         0         0         0         0
         0         0         0         0
         0         0         0         0
         0         0         0         0
         0         0         0         0
         0         0         0         0
         0         0         0         0
         0         0         0         0
         0         0         0         0
         0         0         0         0
         0         0         0         0
         0         0         0         0
         0         0         0         0
         0         0         0         0

right-side vector:
  -12.5000
  -12.5000
   50.0000
         0
         0
   50.0000
         0
  -16.6667
   33.3333
    0.0000
    0.0000
   33.3333
         0
         0
         0
         0
         0

====================

====================
Global equation system:
Coefficient matrix:
  Columns 1 through 13

    1.2500   -0.1250         0         0         0   -0.5000    0.5000    0.4167   -0.0000   -1.6667   -0.0000         0         0
   -0.1250    1.2500   -0.5000         0         0         0    0.5000    0.4167         0    0.0000   -1.6667   -0.0000         0
         0   -0.5000    2.3333         0         0         0         0   -0.0000         0         0   -0.6667   -0.6667         0
         0         0         0         0         0         0         0         0         0         0         0         0         0
         0         0         0         0         0         0         0         0         0         0         0         0         0
   -0.5000         0         0         0         0    2.3333         0   -0.0000   -0.6667   -0.6667         0         0         0
    0.5000    0.5000         0         0         0         0    4.3333   -0.0000         0   -2.6667   -2.6667         0         0
    0.4167    0.4167   -0.0000         0         0   -0.0000   -0.0000    3.0000   -0.3333   -1.6667   -1.6667   -0.3333         0
   -0.0000         0         0         0         0   -0.6667         0   -0.3333    2.3333   -1.0000         0         0         0
   -1.6667    0.0000         0         0         0   -0.6667   -2.6667   -1.6667   -1.0000    6.6667    1.0000         0         0
   -0.0000   -1.6667   -0.6667         0         0         0   -2.6667   -1.6667         0    1.0000    6.6667   -1.0000         0
         0   -0.0000   -0.6667         0         0         0         0   -0.3333         0         0   -1.0000    2.3333         0
         0         0         0         0         0         0         0         0         0         0         0         0         0
         0         0         0         0         0         0         0         0         0         0         0         0         0
         0         0         0         0         0         0         0         0         0         0         0         0         0
         0         0         0         0         0         0         0         0         0         0         0         0         0
         0         0         0         0         0         0         0         0         0         0         0         0         0

  Columns 14 through 17

         0         0         0         0
         0         0         0         0
         0         0         0         0
         0         0         0         0
         0         0         0         0
         0         0         0         0
         0         0         0         0
         0         0         0         0
         0         0         0         0
         0         0         0         0
         0         0         0         0
         0         0         0         0
         0         0         0         0
         0         0         0         0
         0         0         0         0
         0         0         0         0
         0         0         0         0

right-side vector:
  -12.5000
  -12.5000
   50.0000
         0
         0
   50.0000
         0
  -16.6667
   33.3333
    0.0000
    0.0000
   33.3333
         0
         0
         0
         0
         0

====================

====================
Global equation system:
Coefficient matrix:
  Columns 1 through 13

    1.2500   -0.1250         0         0         0   -0.5000    0.5000    0.4167   -0.0000   -1.6667   -0.0000         0         0
   -0.1250    1.2500   -0.5000         0         0         0    0.5000    0.4167         0    0.0000   -1.6667   -0.0000         0
         0   -0.5000    2.3333         0         0         0         0   -0.0000         0         0   -0.6667   -0.6667         0
         0         0         0         0         0         0         0         0         0         0         0         0         0
         0         0         0         0         0         0         0         0         0         0         0         0         0
   -0.5000         0         0         0         0    2.3333         0   -0.0000   -0.6667   -0.6667         0         0         0
    0.5000    0.5000         0         0         0         0    4.3333   -0.0000         0   -2.6667   -2.6667         0         0
    0.4167    0.4167   -0.0000         0         0   -0.0000   -0.0000    5.0000   -1.6667   -1.6667   -1.6667   -1.6667         0
   -0.0000         0         0         0         0   -0.6667         0   -1.6667    6.6667   -1.0000         0    1.0000         0
   -1.6667    0.0000         0         0         0   -0.6667   -2.6667   -1.6667   -1.0000    6.6667    1.0000         0         0
   -0.0000   -1.6667   -0.6667         0         0         0   -2.6667   -1.6667         0    1.0000    6.6667   -1.0000         0
         0   -0.0000   -0.6667         0         0         0         0   -1.6667    1.0000         0   -1.0000    6.6667         0
         0         0         0         0         0         0         0         0         0         0         0         0         0
         0         0         0         0         0         0         0         0         0         0         0         0         0
         0         0         0         0         0         0         0         0         0         0         0         0         0
         0         0         0         0         0         0         0         0         0         0         0         0         0
         0         0         0         0         0         0         0         0         0         0         0         0         0

  Columns 14 through 17

         0         0         0         0
         0         0         0         0
         0         0         0         0
         0         0         0         0
         0         0         0         0
         0         0         0         0
         0         0         0         0
         0         0         0         0
         0         0         0         0
         0         0         0         0
         0         0         0         0
         0         0         0         0
         0         0         0         0
         0         0         0         0
         0         0         0         0
         0         0         0         0
         0         0         0         0

right-side vector:
  -12.5000
  -12.5000
   50.0000
         0
         0
   50.0000
         0
  -83.3333
  433.3333
    0.0000
    0.0000
  433.3333
         0
         0
         0
         0
         0

====================

====================
Global equation system:
Coefficient matrix:
  Columns 1 through 13

    1.2500   -0.1250         0         0         0   -0.5000    0.5000    0.4167   -0.0000   -1.6667   -0.0000         0         0
   -0.1250    0.6250   -0.5000    0.5000         0         0    0.5000    0.4167         0    0.0000   -1.6667   -0.0000   -0.0833
         0   -0.5000    2.3333         0         0         0         0   -0.0000         0         0   -0.6667   -0.6667         0
         0    0.5000         0   -2.3333         0         0         0         0         0         0         0         0    0.0000
         0         0         0         0         0         0         0         0         0         0         0         0         0
   -0.5000         0         0         0         0    2.3333         0   -0.0000   -0.6667   -0.6667         0         0         0
    0.5000    0.5000         0         0         0         0    4.3333   -0.0000         0   -2.6667   -2.6667         0         0
    0.4167    0.4167   -0.0000         0         0   -0.0000   -0.0000    5.0000   -1.6667   -1.6667   -1.6667   -1.6667         0
   -0.0000         0         0         0         0   -0.6667         0   -1.6667    6.6667   -1.0000         0    1.0000         0
   -1.6667    0.0000         0         0         0   -0.6667   -2.6667   -1.6667   -1.0000    6.6667    1.0000         0         0
   -0.0000   -1.6667   -0.6667         0         0         0   -2.6667   -1.6667         0    1.0000    6.6667   -1.0000         0
         0   -0.0000   -0.6667         0         0         0         0   -1.6667    1.0000         0   -1.0000    6.6667         0
         0   -0.0833         0    0.0000         0         0         0         0         0         0         0         0   -0.5000
         0    0.3333         0    0.6667         0         0         0         0         0         0         0         0    0.3333
         0    0.0000         0    0.6667         0         0         0         0         0         0         0         0    0.3333
         0         0         0         0         0         0         0         0         0         0         0         0         0
         0         0         0         0         0         0         0         0         0         0         0         0         0

  Columns 14 through 17

         0         0         0         0
    0.3333    0.0000         0         0
         0         0         0         0
    0.6667    0.6667         0         0
         0         0         0         0
         0         0         0         0
         0         0         0         0
         0         0         0         0
         0         0         0         0
         0         0         0         0
         0         0         0         0
         0         0         0         0
    0.3333    0.3333         0         0
   -2.3333    1.0000         0         0
    1.0000   -2.3333         0         0
         0         0         0         0
         0         0         0         0

right-side vector:
  -12.5000
  -12.5000
   50.0000
         0
         0
   50.0000
         0
  -83.3333
  433.3333
    0.0000
    0.0000
  433.3333
         0
         0
         0
         0
         0

====================

====================
Global equation system:
Coefficient matrix:
  Columns 1 through 13

    0.6250   -0.1250         0         0    0.5000   -0.5000    0.5000    0.4167   -0.0000   -1.6667   -0.0000         0   -0.0833
   -0.1250    0.6250   -0.5000    0.5000         0         0    0.5000    0.4167         0    0.0000   -1.6667   -0.0000   -0.0833
         0   -0.5000    2.3333         0         0         0         0   -0.0000         0         0   -0.6667   -0.6667         0
         0    0.5000         0   -2.3333         0         0         0         0         0         0         0         0    0.0000
    0.5000         0         0         0   -2.3333         0         0         0         0         0         0         0    0.0000
   -0.5000         0         0         0         0    2.3333         0   -0.0000   -0.6667   -0.6667         0         0         0
    0.5000    0.5000         0         0         0         0    4.3333   -0.0000         0   -2.6667   -2.6667         0         0
    0.4167    0.4167   -0.0000         0         0   -0.0000   -0.0000    5.0000   -1.6667   -1.6667   -1.6667   -1.6667         0
   -0.0000         0         0         0         0   -0.6667         0   -1.6667    6.6667   -1.0000         0    1.0000         0
   -1.6667    0.0000         0         0         0   -0.6667   -2.6667   -1.6667   -1.0000    6.6667    1.0000         0         0
   -0.0000   -1.6667   -0.6667         0         0         0   -2.6667   -1.6667         0    1.0000    6.6667   -1.0000         0
         0   -0.0000   -0.6667         0         0         0         0   -1.6667    1.0000         0   -1.0000    6.6667         0
   -0.0833   -0.0833         0    0.0000    0.0000         0         0         0         0         0         0         0   -1.0000
         0    0.3333         0    0.6667         0         0         0         0         0         0         0         0    0.3333
         0    0.0000         0    0.6667         0         0         0         0         0         0         0         0    0.3333
    0.0000         0         0         0    0.6667         0         0         0         0         0         0         0    0.3333
    0.3333         0         0         0    0.6667         0         0         0         0         0         0         0    0.3333

  Columns 14 through 17

         0         0    0.0000    0.3333
    0.3333    0.0000         0         0
         0         0         0         0
    0.6667    0.6667         0         0
         0         0    0.6667    0.6667
         0         0         0         0
         0         0         0         0
         0         0         0         0
         0         0         0         0
         0         0         0         0
         0         0         0         0
         0         0         0         0
    0.3333    0.3333    0.3333    0.3333
   -2.3333    1.0000         0         0
    1.0000   -2.3333         0         0
         0         0   -2.3333    1.0000
         0         0    1.0000   -2.3333

right-side vector:
  -12.5000
  -12.5000
   50.0000
         0
         0
   50.0000
         0
  -83.3333
  433.3333
    0.0000
    0.0000
  433.3333
         0
         0
         0
         0
         0

====================

====================
Global equation system:
Coefficient matrix:
  Columns 1 through 13

    0.6250   -0.1250         0         0    0.5000   -0.5000    0.5000    0.4167   -0.0000   -1.6667   -0.0000         0   -0.0833
   -0.1250    0.6250   -0.5000    0.5000         0         0    0.5000    0.4167         0    0.0000   -1.6667   -0.0000   -0.0833
         0   -0.5000    2.3333         0         0         0         0   -0.0000         0         0   -0.6667   -0.6667         0
         0    0.5000         0   -2.3333         0         0         0         0         0         0         0         0    0.0000
    0.5000         0         0         0   -2.3333         0         0         0         0         0         0         0    0.0000
   -0.5000         0         0         0         0    2.3333         0   -0.0000   -0.6667   -0.6667         0         0         0
    0.5000    0.5000         0         0         0         0    4.3333   -0.0000         0   -2.6667   -2.6667         0         0
    0.4167    0.4167   -0.0000         0         0   -0.0000   -0.0000    5.0000   -1.6667   -1.6667   -1.6667   -1.6667         0
   -0.0000         0         0         0         0   -0.6667         0   -1.6667    6.6667   -1.0000         0    1.0000         0
   -1.6667    0.0000         0         0         0   -0.6667   -2.6667   -1.6667   -1.0000    6.6667    1.0000         0         0
   -0.0000   -1.6667   -0.6667         0         0         0   -2.6667   -1.6667         0    1.0000    6.6667   -1.0000         0
         0   -0.0000   -0.6667         0         0         0         0   -1.6667    1.0000         0   -1.0000    6.6667         0
   -0.0833   -0.0833         0    0.0000    0.0000         0         0         0         0         0         0         0   -3.0000
         0    0.3333         0    0.6667         0         0         0         0         0         0         0         0    0.3333
         0    0.0000         0    0.6667         0         0         0         0         0         0         0         0    1.6667
    0.0000         0         0         0    0.6667         0         0         0         0         0         0         0    1.6667
    0.3333         0         0         0    0.6667         0         0         0         0         0         0         0    0.3333

  Columns 14 through 17

         0         0    0.0000    0.3333
    0.3333    0.0000         0         0
         0         0         0         0
    0.6667    0.6667         0         0
         0         0    0.6667    0.6667
         0         0         0         0
         0         0         0         0
         0         0         0         0
         0         0         0         0
         0         0         0         0
         0         0         0         0
         0         0         0         0
    0.3333    1.6667    1.6667    0.3333
   -2.3333    1.0000         0         0
    1.0000   -6.6667   -1.0000         0
         0   -1.0000   -6.6667    1.0000
         0         0    1.0000   -2.3333

right-side vector:
  -12.5000
  -12.5000
   50.0000
         0
         0
   50.0000
         0
  -83.3333
  433.3333
    0.0000
    0.0000
  433.3333
         0
         0
         0
         0
         0

====================

====================
Global equation system:
Coefficient matrix:
  Columns 1 through 13

   -0.0000   -0.0000         0         0    0.5000   -0.5000   -0.0000    0.4167   -0.0000   -1.6667   -0.0000         0   -0.4167
   -0.0000         0   -0.5000    0.5000         0         0   -0.0000    0.4167         0    0.0000   -1.6667   -0.0000   -0.4167
         0   -0.5000    2.3333         0         0         0         0   -0.0000         0         0   -0.6667   -0.6667         0
         0    0.5000         0   -2.3333         0         0         0         0         0         0         0         0    0.0000
    0.5000         0         0         0   -2.3333         0         0         0         0         0         0         0    0.0000
   -0.5000         0         0         0         0    2.3333         0   -0.0000   -0.6667   -0.6667         0         0         0
         0   -0.0000         0         0         0         0         0   -0.0000         0   -2.6667   -2.6667         0    0.0000
    0.4167    0.4167   -0.0000         0         0   -0.0000   -0.0000    5.0000   -1.6667   -1.6667   -1.6667   -1.6667         0
   -0.0000         0         0         0         0   -0.6667         0   -1.6667    6.6667   -1.0000         0    1.0000         0
   -1.6667    0.0000         0         0         0   -0.6667   -2.6667   -1.6667   -1.0000    6.6667    1.0000         0         0
   -0.0000   -1.6667   -0.6667         0         0         0   -2.6667   -1.6667         0    1.0000    6.6667   -1.0000         0
         0   -0.0000   -0.6667         0         0         0         0   -1.6667    1.0000         0   -1.0000    6.6667         0
   -0.4167   -0.4167         0    0.0000    0.0000         0    0.0000         0         0         0         0         0   -5.0000
    0.0000    1.6667         0    0.6667         0         0    2.6667         0         0         0         0         0    1.6667
         0    0.0000         0    0.6667         0         0         0         0         0         0         0         0    1.6667
    0.0000         0         0         0    0.6667         0         0         0         0         0         0         0    1.6667
    1.6667   -0.0000         0         0    0.6667         0    2.6667         0         0         0         0         0    1.6667

  Columns 14 through 17

    0.0000         0    0.0000    1.6667
    1.6667    0.0000         0   -0.0000
         0         0         0         0
    0.6667    0.6667         0         0
         0         0    0.6667    0.6667
         0         0         0         0
    2.6667         0         0    2.6667
         0         0         0         0
         0         0         0         0
         0         0         0         0
         0         0         0         0
         0         0         0         0
    1.6667    1.6667    1.6667    1.6667
   -6.6667    1.0000         0   -1.0000
    1.0000   -6.6667   -1.0000         0
         0   -1.0000   -6.6667    1.0000
   -1.0000         0    1.0000   -6.6667

right-side vector:
  -12.5000
  -12.5000
   50.0000
         0
         0
   50.0000
         0
  -83.3333
  433.3333
    0.0000
    0.0000
  433.3333
         0
         0
         0
         0
         0

====================
