====================
Element 1
Global equation system:
Coefficient matrix:
    0.6250         0         0         0         0   -0.5000         0    0.0833   -0.0000   -0.3333         0         0         0         0         0         0         0
         0         0         0         0         0         0         0         0         0         0         0         0         0         0         0         0         0
         0         0         0         0         0         0         0         0         0         0         0         0         0         0         0         0         0
         0         0         0         0         0         0         0         0         0         0         0         0         0         0         0         0         0
         0         0         0         0         0         0         0         0         0         0         0         0         0         0         0         0         0
   -0.5000         0         0         0         0    2.3333         0   -0.0000   -0.6667   -0.6667         0         0         0         0         0         0         0
         0         0         0         0         0         0         0         0         0         0         0         0         0         0         0         0         0
    0.0833         0         0         0         0   -0.0000         0    0.5000   -0.3333   -0.3333         0         0         0         0         0         0         0
   -0.0000         0         0         0         0   -0.6667         0   -0.3333    2.3333   -1.0000         0         0         0         0         0         0         0
   -0.3333         0         0         0         0   -0.6667         0   -0.3333   -1.0000    2.3333         0         0         0         0         0         0         0
         0         0         0         0         0         0         0         0         0         0         0         0         0         0         0         0         0
         0         0         0         0         0         0         0         0         0         0         0         0         0         0         0         0         0
         0         0         0         0         0         0         0         0         0         0         0         0         0         0         0         0         0
         0         0         0         0         0         0         0         0         0         0         0         0         0         0         0         0         0
         0         0         0         0         0         0         0         0         0         0         0         0         0         0         0         0         0
         0         0         0         0         0         0         0         0         0         0         0         0         0         0         0         0         0
         0         0         0         0         0         0         0         0         0         0         0         0         0         0         0         0         0

right-side vector:
   -0.1250
         0
         0
         0
         0
    0.5000
         0
   -0.0833
    0.3333
    0.0000
         0
         0
         0
         0
         0
         0
         0

====================

====================
Element 2
Global equation system:
Coefficient matrix:
         0         0         0         0         0         0         0         0         0         0         0         0         0         0         0         0         0
         0    0.6250   -0.5000         0         0         0         0    0.0833         0         0   -0.3333   -0.0000         0         0         0         0         0
         0   -0.5000    2.3333         0         0         0         0   -0.0000         0         0   -0.6667   -0.6667         0         0         0         0         0
         0         0         0         0         0         0         0         0         0         0         0         0         0         0         0         0         0
         0         0         0         0         0         0         0         0         0         0         0         0         0         0         0         0         0
         0         0         0         0         0         0         0         0         0         0         0         0         0         0         0         0         0
         0         0         0         0         0         0         0         0         0         0         0         0         0         0         0         0         0
         0    0.0833   -0.0000         0         0         0         0    0.5000         0         0   -0.3333   -0.3333         0         0         0         0         0
         0         0         0         0         0         0         0         0         0         0         0         0         0         0         0         0         0
         0         0         0         0         0         0         0         0         0         0         0         0         0         0         0         0         0
         0   -0.3333   -0.6667         0         0         0         0   -0.3333         0         0    2.3333   -1.0000         0         0         0         0         0
         0   -0.0000   -0.6667         0         0         0         0   -0.3333         0         0   -1.0000    2.3333         0         0         0         0         0
         0         0         0         0         0         0         0         0         0         0         0         0         0         0         0         0         0
         0         0         0         0         0         0         0         0         0         0         0         0         0         0         0         0         0
         0         0         0         0         0         0         0         0         0         0         0         0         0         0         0         0         0
         0         0         0         0         0         0         0         0         0         0         0         0         0         0         0         0         0
         0         0         0         0         0         0         0         0         0         0         0         0         0         0         0         0         0

right-side vector:
         0
   -0.1250
    0.5000
         0
         0
         0
         0
   -0.0833
         0
         0
    0.0000
    0.3333
         0
         0
         0
         0
         0

====================

====================
Element 3
Global equation system:
Coefficient matrix:
    0.6250   -0.1250         0         0         0         0    0.5000    0.3333         0   -1.3333   -0.0000         0         0         0         0         0         0
   -0.1250    0.6250         0         0         0         0    0.5000    0.3333         0    0.0000   -1.3333         0         0         0         0         0         0
         0         0         0         0         0         0         0         0         0         0         0         0         0         0         0         0         0
         0         0         0         0         0         0         0         0         0         0         0         0         0         0         0         0         0
         0         0         0         0         0         0         0         0         0         0         0         0         0         0         0         0         0
         0         0         0         0         0         0         0         0         0         0         0         0         0         0         0         0         0
    0.5000    0.5000         0         0         0         0    4.3333   -0.0000         0   -2.6667   -2.6667         0         0         0         0         0         0
    0.3333    0.3333         0         0         0         0   -0.0000    2.0000         0   -1.3333   -1.3333         0         0         0         0         0         0
         0         0         0         0         0         0         0         0         0         0         0         0         0         0         0         0         0
   -1.3333    0.0000         0         0         0         0   -2.6667   -1.3333         0    4.3333    1.0000         0         0         0         0         0         0
   -0.0000   -1.3333         0         0         0         0   -2.6667   -1.3333         0    1.0000    4.3333         0         0         0         0         0         0
         0         0         0         0         0         0         0         0         0         0         0         0         0         0         0         0         0
         0         0         0         0         0         0         0         0         0         0         0         0         0         0         0         0         0
         0         0         0         0         0         0         0         0         0         0         0         0         0         0         0         0         0
         0         0         0         0         0         0         0         0         0         0         0         0         0         0         0         0         0
         0         0         0         0         0         0         0         0         0         0         0         0         0         0         0         0         0
         0         0         0         0         0         0         0         0         0         0         0         0         0         0         0         0         0

right-side vector:
     0
     0
     0
     0
     0
     0
     0
     0
     0
     0
     0
     0
     0
     0
     0
     0
     0

====================

====================
Element 4
Global equation system:
Coefficient matrix:
         0         0         0         0         0         0         0         0         0         0         0         0         0         0         0         0         0
         0         0         0         0         0         0         0         0         0         0         0         0         0         0         0         0         0
         0         0         0         0         0         0         0         0         0         0         0         0         0         0         0         0         0
         0         0         0         0         0         0         0         0         0         0         0         0         0         0         0         0         0
         0         0         0         0         0         0         0         0         0         0         0         0         0         0         0         0         0
         0         0         0         0         0         0         0         0         0         0         0         0         0         0         0         0         0
         0         0         0         0         0         0         0         0         0         0         0         0         0         0         0         0         0
         0         0         0         0         0         0         0    2.0000   -1.3333         0         0   -1.3333         0         0         0         0         0
         0         0         0         0         0         0         0   -1.3333    4.3333         0         0    1.0000         0         0         0         0         0
         0         0         0         0         0         0         0         0         0         0         0         0         0         0         0         0         0
         0         0         0         0         0         0         0         0         0         0         0         0         0         0         0         0         0
         0         0         0         0         0         0         0   -1.3333    1.0000         0         0    4.3333         0         0         0         0         0
         0         0         0         0         0         0         0         0         0         0         0         0         0         0         0         0         0
         0         0         0         0         0         0         0         0         0         0         0         0         0         0         0         0         0
         0         0         0         0         0         0         0         0         0         0         0         0         0         0         0         0         0
         0         0         0         0         0         0         0         0         0         0         0         0         0         0         0         0         0
         0         0         0         0         0         0         0         0         0         0         0         0         0         0         0         0         0

right-side vector:
         0
         0
         0
         0
         0
         0
         0
   -0.6667
    4.0000
         0
         0
    4.0000
         0
         0
         0
         0
         0

====================

====================
Element 5
Global equation system:
Coefficient matrix:
         0         0         0         0         0         0         0         0         0         0         0         0         0         0         0         0         0
         0   -0.6250         0    0.5000         0         0         0         0         0         0         0         0   -0.0833    0.3333    0.0000         0         0
         0         0         0         0         0         0         0         0         0         0         0         0         0         0         0         0         0
         0    0.5000         0   -2.3333         0         0         0         0         0         0         0         0    0.0000    0.6667    0.6667         0         0
         0         0         0         0         0         0         0         0         0         0         0         0         0         0         0         0         0
         0         0         0         0         0         0         0         0         0         0         0         0         0         0         0         0         0
         0         0         0         0         0         0         0         0         0         0         0         0         0         0         0         0         0
         0         0         0         0         0         0         0         0         0         0         0         0         0         0         0         0         0
         0         0         0         0         0         0         0         0         0         0         0         0         0         0         0         0         0
         0         0         0         0         0         0         0         0         0         0         0         0         0         0         0         0         0
         0         0         0         0         0         0         0         0         0         0         0         0         0         0         0         0         0
         0         0         0         0         0         0         0         0         0         0         0         0         0         0         0         0         0
         0   -0.0833         0    0.0000         0         0         0         0         0         0         0         0   -0.5000    0.3333    0.3333         0         0
         0    0.3333         0    0.6667         0         0         0         0         0         0         0         0    0.3333   -2.3333    1.0000         0         0
         0    0.0000         0    0.6667         0         0         0         0         0         0         0         0    0.3333    1.0000   -2.3333         0         0
         0         0         0         0         0         0         0         0         0         0         0         0         0         0         0         0         0
         0         0         0         0         0         0         0         0         0         0         0         0         0         0         0         0         0

right-side vector:
         0
    0.1250
         0
   -0.5000
         0
         0
         0
         0
         0
         0
         0
         0
    0.0833
   -0.0000
   -0.3333
         0
         0

====================

====================
Element 6
Global equation system:
Coefficient matrix:
   -0.6250         0         0         0    0.5000         0         0         0         0         0         0         0   -0.0833         0         0    0.0000    0.3333
         0         0         0         0         0         0         0         0         0         0         0         0         0         0         0         0         0
         0         0         0         0         0         0         0         0         0         0         0         0         0         0         0         0         0
         0         0         0         0         0         0         0         0         0         0         0         0         0         0         0         0         0
    0.5000         0         0         0   -2.3333         0         0         0         0         0         0         0    0.0000         0         0    0.6667    0.6667
         0         0         0         0         0         0         0         0         0         0         0         0         0         0         0         0         0
         0         0         0         0         0         0         0         0         0         0         0         0         0         0         0         0         0
         0         0         0         0         0         0         0         0         0         0         0         0         0         0         0         0         0
         0         0         0         0         0         0         0         0         0         0         0         0         0         0         0         0         0
         0         0         0         0         0         0         0         0         0         0         0         0         0         0         0         0         0
         0         0         0         0         0         0         0         0         0         0         0         0         0         0         0         0         0
         0         0         0         0         0         0         0         0         0         0         0         0         0         0         0         0         0
   -0.0833         0         0         0    0.0000         0         0         0         0         0         0         0   -0.5000         0         0    0.3333    0.3333
         0         0         0         0         0         0         0         0         0         0         0         0         0         0         0         0         0
         0         0         0         0         0         0         0         0         0         0         0         0         0         0         0         0         0
    0.0000         0         0         0    0.6667         0         0         0         0         0         0         0    0.3333         0         0   -2.3333    1.0000
    0.3333         0         0         0    0.6667         0         0         0         0         0         0         0    0.3333         0         0    1.0000   -2.3333

right-side vector:
    0.1250
         0
         0
         0
   -0.5000
         0
         0
         0
         0
         0
         0
         0
    0.0833
         0
         0
   -0.3333
   -0.0000

====================

====================
Element 7
Global equation system:
Coefficient matrix:
         0         0         0         0         0         0         0         0         0         0         0         0         0         0         0         0         0
         0         0         0         0         0         0         0         0         0         0         0         0         0         0         0         0         0
         0         0         0         0         0         0         0         0         0         0         0         0         0         0         0         0         0
         0         0         0         0         0         0         0         0         0         0         0         0         0         0         0         0         0
         0         0         0         0         0         0         0         0         0         0         0         0         0         0         0         0         0
         0         0         0         0         0         0         0         0         0         0         0         0         0         0         0         0         0
         0         0         0         0         0         0         0         0         0         0         0         0         0         0         0         0         0
         0         0         0         0         0         0         0         0         0         0         0         0         0         0         0         0         0
         0         0         0         0         0         0         0         0         0         0         0         0         0         0         0         0         0
         0         0         0         0         0         0         0         0         0         0         0         0         0         0         0         0         0
         0         0         0         0         0         0         0         0         0         0         0         0         0         0         0         0         0
         0         0         0         0         0         0         0         0         0         0         0         0         0         0         0         0         0
         0         0         0         0         0         0         0         0         0         0         0         0   -2.0000         0    1.3333    1.3333         0
         0         0         0         0         0         0         0         0         0         0         0         0         0         0         0         0         0
         0         0         0         0         0         0         0         0         0         0         0         0    1.3333         0   -4.3333   -1.0000         0
         0         0         0         0         0         0         0         0         0         0         0         0    1.3333         0   -1.0000   -4.3333         0
         0         0         0         0         0         0         0         0         0         0         0         0         0         0         0         0         0

right-side vector:
         0
         0
         0
         0
         0
         0
         0
         0
         0
         0
         0
         0
    0.6667
         0
   -4.0000
   -4.0000
         0

====================

====================
Element 8
Global equation system:
Coefficient matrix:
   -0.6250    0.1250         0         0         0         0   -0.5000         0         0         0         0         0   -0.3333    0.0000         0         0    1.3333
    0.1250   -0.6250         0         0         0         0   -0.5000         0         0         0         0         0   -0.3333    1.3333         0         0   -0.0000
         0         0         0         0         0         0         0         0         0         0         0         0         0         0         0         0         0
         0         0         0         0         0         0         0         0         0         0         0         0         0         0         0         0         0
         0         0         0         0         0         0         0         0         0         0         0         0         0         0         0         0         0
         0         0         0         0         0         0         0         0         0         0         0         0         0         0         0         0         0
   -0.5000   -0.5000         0         0         0         0   -4.3333         0         0         0         0         0    0.0000    2.6667         0         0    2.6667
         0         0         0         0         0         0         0         0         0         0         0         0         0         0         0         0         0
         0         0         0         0         0         0         0         0         0         0         0         0         0         0         0         0         0
         0         0         0         0         0         0         0         0         0         0         0         0         0         0         0         0         0
         0         0         0         0         0         0         0         0         0         0         0         0         0         0         0         0         0
         0         0         0         0         0         0         0         0         0         0         0         0         0         0         0         0         0
   -0.3333   -0.3333         0         0         0         0    0.0000         0         0         0         0         0   -2.0000    1.3333         0         0    1.3333
    0.0000    1.3333         0         0         0         0    2.6667         0         0         0         0         0    1.3333   -4.3333         0         0   -1.0000
         0         0         0         0         0         0         0         0         0         0         0         0         0         0         0         0         0
         0         0         0         0         0         0         0         0         0         0         0         0         0         0         0         0         0
    1.3333   -0.0000         0         0         0         0    2.6667         0         0         0         0         0    1.3333   -1.0000         0         0   -4.3333

right-side vector:
     0
     0
     0
     0
     0
     0
     0
     0
     0
     0
     0
     0
     0
     0
     0
     0
     0

====================
